;t/m jan 2001;t/m jan 2002;t/m jan 2003;t/m jan 2004;t/m jan 2005;t/m jan 2006;t/m jan 2007;t/m jan 2008;t/m jan 2009;t/m jan 2010;t/m jan 2011;t/m jan 2012;t/m jan 2013;t/m jan 2014;t/m jan 2015;t/m jan 2016;t/m jan 2017;t/m jan 2018;t/m jan 2019;t/m jan 2020;t/m jan 2021;t/m jan 2022;t/m jan 2023;t/m jan 2024;t/m jan 2025
Palm&Senior;45;34;56;66;39;18;62;39;41;0;0;0;0;0;0;0;0;0;0;0;0;0;0;0;0
Eshuis;10;26;17;33;45;36;37;47;38;48;88;49;49;63;41;50;42;80;0;0;0;0;0;0;0
Simon & Steenbaar;79;59;48;63;168;94;45;54;86;36;72;72;65;34;36;39;35;54;62;145;54;53;80;97;0
Pluijm - Vrede;31;19;38;14;37;16;48;24;26;35;71;29;28;24;25;26;20;36;0;0;0;0;0;0;0
Hu-A-Ng;13;33;28;18;31;45;21;22;36;33;38;32;25;21;26;28;28;20;28;26;33;39;25;0;0
Plank;23;39;51;54;43;56;62;35;47;0;0;0;0;0;0;0;0;0;0;0;0;0;0;0;0
Kleinm/Naaldijk;25;47;55;55;56;54;47;61;73;60;70;0;0;0;0;0;0;0;0;0;0;0;0;0;0
Chatlein A.R.;;;;;;0;18;15;14;24;13;19;43;38;18;17;22;30;13;35;29;16;30;34;33
Burgers & Fung-A-Loi;;15;11;30;39;43;55;82;56;69;61;50;43;83;69;46;59;76;72;0;0;0;0;0;0
Samandar & Fung-A-Loi;;;;;;;;;;;;;;;;;;;;90;86;50;84;85;88
Kleinmoedig & Alexander;;;;;;;;;;;;78;62;62;26;28;41;49;33;28;27;11;0;0;0
Naaldijk;;;;;;;;;;;;21;32;26;31;32;70;20;83;21;26;32;62;36;34
Overigen;6;9;14;14;9;3;0;16;12;20;15;9;16;7;7;11;9;12;19;5;8;16;6;10;8
Victoria;;;;;;;;;;;;;;;;;;;12;14;11;25;17;23;12
Baaten;;;;;;;;;;;;;;;;;;;;;;;0;0;0
Alexander;;;;;;;;;;;;;;;;;;;;;;;0;0;0
Baaten & Alexander;;;;;;;;;;;;;;;;;;;;;;;24;19;63
Moerdijk;;;;;;;;;;;;;;;;;;;41;54;43;54;102;42;55
Notaris Gosselaar;;;;;;;;;;;;;;;;;;;;;;;0;30;36
Palm Notary;;;;;;;;;;;;;;;;;;;;;;;;0;76
;t/m feb 2001;t/m feb 2002;t/m feb 2003;t/m feb 2004;t/m feb 2005;t/m feb 2006;t/m feb 2007;t/m feb 2008;t/m feb 2009;t/m feb 2010;t/m feb 2011;t/m feb 2012;t/m feb 2013;t/m feb 2014;t/m feb 2015;t/m feb 2016;t/m feb 2017;t/m feb 2018;t/m feb 2019;t/m feb 2020;t/m feb 2021;t/m feb 2022;t/m feb 2023;t/m feb 2024;t/m feb 2025
Palm&Senior;123;75;144;106;115;50;108;94;79;0;0;0;0;0;0;0;0;0;0;0;0;0;0;0;0
Eshuis;21;35;58;76;75;68;81;86;59;84;117;92;95;110;95;93;96;128;0;0;0;0;0;0;0
Simon & Steenbaar;133;113;104;113;217;151;101;89;139;92;138;131;118;117;80;96;77;135;144;217;128;124;151;135;0
Pluijm - Vrede;60;52;62;93;75;34;76;45;56;68;102;55;79;64;46;53;31;69;0;0;0;0;0;0;0
0;33;57;56;56;60;71;50;39;70;57;67;71;49;62;40;63;55;46;69;61;64;57;45;0;0
Plank;79;78;114;86;105;93;127;79;99;0;0;0;0;0;0;0;0;0;0;0;0;0;0;0;0
Kleinm/Naaldijk;58;87;110;107;89;131;108;136;136;140;142;0;0;0;0;0;0;0;0;0;0;0;0;0;0
Chatlein A.R.;;;;;;0;39;35;31;50;33;38;61;53;33;35;48;54;27;62;45;36;54;60;58
Burgers & Fung-A-Loi;;32;41;57;87;92;113;160;133;155;168;149;103;128;131;124;123;136;150;0;0;0;0;0;0
Samandar & Fung-A-Loi;;;;;;;;;;;;;;;;;;;58;24;56;99;139;202;171
Kleinmoedig & Alexander;;;;;;;;;;;;116;84;92;53;55;86;83;80;73;61;15;0;0;0
Naaldijk;;;;;;;;;;;;52;84;49;56;48;87;41;122;64;71;52;83;96;78
Overigen;13;19;26;25;20;6;2;43;28;32;26;22;25;14;9;19;18;33;29;8;19;25;18;21;21
Victoria;;;;;;;;;;;;;;;;;;;27;37;34;38;61;35;21
Baaten;;;;;;;;;;;;;;;;;;;;;;;0;0;0
Alexander;;;;;;;;;;;;;;;;;;;;;;;0;0;0
Baaten & Alexander;;;;;;;;;;;;;;;;;;;;;;;41;36;104
Moerdijk;;;;;;;;;;;;;;;;;;;106;125;108;123;162;72;115
Notaris Gosselaar;;;;;;;;;;;;;;;;;;;;;;;;72;95
Palm Notary;;;;;;;;;;;;;;;;;;;;;;;;0;169
;t/m mrt 2001;t/m mrt 2002;t/m mrt 2003;t/m mrt 2004;t/m mrt 2005;t/m mrt 2006;t/m mrt 2007;t/m mrt 2008;t/m mrt 2009;t/m mrt 2010;t/m mrt 2011;t/m mrt 2012;t/m mrt 2013;t/m mrt 2014;t/m mrt 2015;t/m mrt 2016;t/m mrt 2017;t/m mrt 2018;t/m mrt 2019;t/m mrt 2020;t/m mrt 2021;t/m mrt 2022;t/m mrt 2023;t/m mrt 2024;t/m mrt 2025
Palm&Senior;189;136;215;196;152;89;154;122;128;0;0;0;0;0;0;0;0;0;0;0;0;0;0;0;0
Eshuis;33;54;81;114;121;107;131;140;101;138;164;141;155;174;170;156;153;214;0;0;0;0;0;0;0
Simon & Steenbaar;210;149;178;163;277;234;167;145;203;166;220;199;184;189;135;169;173;206;219;271;201;231;250;206;0
Pluijm - Vrede;89;85;122;141;105;81;114;61;83;124;139;98;113;88;67;72;56;99;0;0;0;0;0;0;0
Hu-A-Ng;64;85;81;93;90;108;77;68;100;97;96;111;80;90;54;95;89;61;92;86;97;96;71;0;0
Plank;112;140;175;181;137;138;184;118;150;0;0;0;0;0;0;0;0;0;0;0;0;0;0;0;0
Kleinm/Naaldijk;107;133;173;150;149;196;175;204;228;225;217;0;0;0;0;0;0;0;0;0;0;0;0;0;0
Chatlein A.R.;;;;;;0;65;56;90;78;58;67;89;64;64;49;56;65;46;82;75;77;94;89;76
Burgers & Fung-A-Loi;;57;60;98;127;180;215;238;198;225;260;254;174;196;206;176;216;188;150;0;0;0;0;0;0
Samandar & Fung-A-Loi;;;;;;;;;;;;;;;;;;;58;24;56;99;210;288;278
Kleinmoedig & Alexander;;;;;;;;;;;;175;119;139;97;98;136;113;98;88;83;27;0;0;0
Naaldijk;;;;;;;;;;;;85;130;83;94;86;117;64;145;70;113;118;144;134;107
Overigen;15;28;33;40;27;13;4;57;43;40;36;39;34;21;26;35;35;51;40;16;32;47;38;44;38
Victoria;;;;;;;;;;;;;;;;;;;39;52;48;63;77;47;31
Baaten;;;;;;;;;;;;;;;;;;;;;;;0;0;0
Alexander;;;;;;;;;;;;;;;;;;;;;;;0;0;0
Baaten & Alexander;;;;;;;;;;;;;;;;;;;;;;;84;49;138
Moerdijk;;;;;;;;;;;;;;;;;;;148;140;150;198;223;127;189
Notaris Gosselaar;;;;;;;;;;;;;;;;;;;;;;;;116;159
Palm Notary;;;;;;;;;;;;;;;;;;;;;;;;0;222
;t/m apr 2001;t/m apr 2002;t/m apr 2003;t/m apr 2004;t/m apr 2005;t/m apr 2006;t/m apr 2007;t/m apr 2008;t/m apr 2009;t/m apr 2010;t/m apr 2011;t/m apr 2012;t/m apr 2013;t/m apr 2014;t/m apr 2015;t/m apr 2016;t/m apr 2017;t/m apr 2018;t/m apr 2019;t/m apr 2020;t/m apr 2021;t/m apr 2022;t/m apr 2023;t/m apr 2024;t/m apr 2025
Palm&Senior;265;196;283;250;253;146;213;179;205;0;0;0;0;0;0;0;0;0;0;0;0;0;0;0;0
Eshuis;44;67;124;138;161;140;171;190;138;197;186;202;208;218;237;218;188;276;0;0;0;0;0;0;0
Simon & Steenbaar;264;200;243;219;337;304;220;199;267;233;289;248;240;223;176;230;270;293;315;278;221;306;308;261;0
Pluijm - Vrede;128;112;158;187;142;97;150;114;105;170;173;121;132;116;102;98;64;144;0;0;0;0;0;0;0
Hu-A-Ng;106;117;101;124;130;148;99;103;133;133;135;164;106;113;71;121;112;98;118;91;116;114;103;0;0
Plank;166;171;214;231;191;182;229;178;209;0;0;0;0;0;0;0;0;0;0;0;0;0;0;0;0
Kleinm/Naaldijk;145;170;227;198;229;254;240;291;297;300;288;0;0;0;0;0;0;0;0;0;0;0;0;0;0
Chatlein A.R.;;;;;;6;84;98;108;114;106;89;114;83;92;62;72;83;75;93;82;106;112;122;116
Burgers & Fung-A-Loi;;78;89;128;169;229;287;329;257;309;332;308;236;258;278;256;267;246;150;0;0;0;0;0;0
Samandar & Fung-A-Loi;;;;;;;;;;;;;;;;;;;143;46;107;173;287;376;394
Kleinmoedig & Alexander;;;;;;;;;;;;237;161;167;135;117;170;153;143;88;83;42;0;0;0
Naaldijk;;;;;;;;;;;;108;161;106;121;127;140;111;179;72;116;156;182;178;152
Overigen;35;40;51;68;40;17;6;76;60;49;51;49;43;27;34;50;44;65;52;19;34;58;59;53;50
Victoria;;;;;;;;;;;;;;;;;;;57;52;59;73;94;60;41
Baaten;;;;;;;;;;;;;;;;;;;;;;;0;0;0
Alexander;;;;;;;;;;;;;;;;;;;;;;;0;0;0
Baaten & Alexander;;;;;;;;;;;;;;;;;;;;;;;105;63;178
Moerdijk;;;;;;;;;;;;;;;;;;;216;140;175;290;275;202;244
Notaris Gosselaar;;;;;;;;;;;;;;;;;;;;;;;;190;233
Palm Notary;;;;;;;;;;;;;;;;;;;;;;;;0;266
;t/m mei 2001;t/m mei 2002;t/m mei 2003;t/m mei 2004;t/m mei 2005;t/m mei 2006;t/m mei 2007;t/m mei 2008;t/m mei 2009;t/m mei 2010;t/m mei 2011;t/m mei 2012;t/m mei 2013;t/m mei 2014;t/m mei 2015;t/m mei 2016;t/m mei 2017;t/m mei 2018;t/m mei 2019;t/m mei 2020;t/m mei 2021;t/m mei 2022;t/m mei 2023;t/m mei 2024;t/m mei 2025
Palm&Senior;323;252;326;299;304;203;254;216;250;0;0;0;0;0;0;0;0;0;0;0;0;0;0;0;0
Eshuis;55;95;150;172;191;160;213;233;185;238;239;237;255;277;279;274;256;352;0;0;0;0;0;0;0
Simon & Steenbaar;315;260;316;274;382;362;280;282;332;300;373;303;295;285;223;297;369;399;406;365;300;423;426;314;0
Pluijm - Vrede;156;141;206;209;168;130;185;144;126;218;220;149;161;137;121;111;104;164;0;0;0;0;0;0;0
Hu-A-Ng;135;140;126;157;156;182;124;158;154;184;195;205;115;147;85;146;156;125;137;112;152;154;118;0;0
Plank;191;238;287;285;227;251;287;248;250;0;0;0;0;0;0;0;0;0;0;0;0;0;0;0;0
Kleinm/Naaldijk;201;237;281;247;286;315;302;367;366;387;370;0;0;0;0;0;0;0;0;0;0;0;0;0;0
Chatlein A.R.;;;;;;12;107;119;129;146;139;109;134;95;120;79;89;119;85;101;101;141;147;142;136
Burgers & Fung-A-Loi;;92;102;186;224;289;363;389;317;397;413;383;315;337;336;304;327;320;150;0;0;0;0;0;0
Samandar & Fung-A-Loi;;;;;;;;;;;;;;;;;;;214;117;179;258;438;484;457
Kleinmoedig & Alexander;;;;;;;;;;;;272;207;208;175;180;200;210;177;121;105;63;0;0;0
Naaldijk;;;;;;;;;;;;142;196;150;146;173;215;138;217;102;142;193;210;232;178
Overigen;51;57;56;88;53;22;6;100;76;65;64;59;58;33;50;64;59;77;69;28;50;71;83;64;69
Victoria;;;;;;;;;;;;;;;;;;;69;63;80;100;104;66;54
Baaten;;;;;;;;;;;;;;;;;;;;;;;0;0;0
Alexander;;;;;;;;;;;;;;;;;;;;;;;0;0;0
Baaten & Alexander;;;;;;;;;;;;;;;;;;;;;;;140;93;218
Moerdijk;;;;;;;;;;;;;;;;;;;261;188;219;340;379;275;297
Notaris Gosselaar;;;;;;;;;;;;;;;;;;;;;;;;242;297
Palm Notary;;;;;;;;;;;;;;;;;;;;;;;;0;330
;t/m juni 2001;t/m juni 2002;t/m juni 2003;t/m juni 2004;t/m juni 2005;t/m juni 2006;t/m juni 2007;t/m juni 2008;t/m juni 2009;t/m juni 2010;t/m juni 2011;t/m juni 2012;t/m juni 2013;t/m juni 2014;t/m juni 2015;t/m juni 2016;t/m juni 2017;t/m juni 2018;t/m juni 2019;t/m juni 2020;t/m juni 2021;t/m juni 2022;t/m juni 2023;t/m juni 2024;t/m juni 2025
Palm&Senior;400;309;395;358;350;258;301;264;271;0;0;0;0;0;0;0;0;0;0;0;0;0;0;0;0
Eshuis;77;116;181;220;235;203;262;296;227;274;289;296;297;326;359;331;324;413;0;0;0;0;0;0;0
Simon & Steenbaar;362;299;397;351;410;461;339;341;409;366;449;385;354;345;293;347;465;487;478;468;365;532;532;382;0
Pluijm - Vrede;181;169;237;235;194;178;223;174;168;239;252;183;201;162;146;136;130;192;0;0;0;0;0;0;0
Hu-A-Ng;232;166;166;185;194;218;148;207;184;234;231;239;148;172;109;170;185;147;165;142;200;181;156;0;0
Plank;215;273;363;352;300;326;375;311;254;0;0;0;0;0;0;0;0;0;0;0;0;0;0;0;0
Kleinm/Naaldijk;284;297;343;311;364;375;363;458;464;480;462;0;0;0;0;0;0;0;0;0;0;0;0;0;0
Chatlein A.R.;;;;;;37;125;143;164;181;177;148;161;142;145;101;106;139;123;119;127;173;189;162;165
Burgers & Fung-A-Loi;;120;128;216;302;386;446;458;376;493;510;452;391;431;422;374;399;411;150;0;0;0;0;0;0
Samandar & Fung-A-Loi;;;;;;;;;;;;;;;;;;;286;193;272;384;563;599;607
Kleinmoedig & Alexander;;;;;;;;;;;;337;252;235;201;220;234;247;229;165;174;83;0;0;0
Naaldijk;;;;;;;;;;;;173;226;180;187;188;243;164;245;161;195;213;271;285;226
Overigen;60;62;68;104;64;24;8;104;96;76;76;75;76;41;61;75;70;103;84;40;65;93;96;78;80
Victoria;;;;;;;;;;;;;;;;;;;78;84;95;124;119;89;71
Baaten;;;;;;;;;;;;;;;;;;;;;;;0;0;0
Alexander;;;;;;;;;;;;;;;;;;;;;;;0;0;0
Baaten & Alexander;;;;;;;;;;;;;;;;;;;;;;;165;111;269
Moerdijk;;;;;;;;;;;;;;;;;;;319;239;271;420;465;350;343
Notaris Gosselaar;;;;;;;;;;;;;;;;;;;;;;;;307;372
Palm Notary;;;;;;;;;;;;;;;;;;;;;;;;0;387
;t/m juli 2001;t/m juli 2002;t/m juli 2003;t/m juli 2004;t/m juli 2005;t/m juli 2006;t/m juli 2007;t/m juli 2008;t/m juli 2009;t/m juli 2010;t/m juli 2011;t/m juli 2012;t/m juli 2013;t/m juli 2014;t/m juli 2015;t/m juli 2016;t/m juli 2017;t/m juli 2018;t/m juli 2019;t/m juli 2020;t/m juli 2021;t/m juli 2022;t/m juli 2023;t/m juli 2024;t/m juli 2025
Palm&Senior;475;358;457;408;403;341;370;328;271;0;0;0;0;0;0;0;0;0;0;0;0;0;0;0;0
Eshuis;86;144;208;249;269;241;295;352;284;338;343;340;326;376;417;380;395;489;0;0;0;0;0;0;0
Simon & Steenbaar;431;359;471;438;471;506;410;410;485;441;525;456;418;387;361;395;556;565;567;528;438;605;611;515;0
Pluijm - Vrede;219;193;268;258;222;249;248;212;195;283;282;224;236;188;167;161;152;238;0;0;0;0;0;0;0
Hu-A-Ng;253;191;208;214;221;245;173;258;221;278;276;278;162;220;136;193;230;181;187;178;245;229;156;0;0
Plank;245;317;427;395;344;366;433;405;254;0;0;239;148;0;0;0;0;0;16;30;32;38;31;0;0
Kleinm/Naaldijk;338;333;401;369;426;453;425;519;563;547;533;0;0;0;0;0;0;0;0;0;0;0;0;0;0
Chatlein A.R.;;;;;;58;147;151;187;203;206;182;177;164;180;136;125;154;139;149;159;211;220;180;178
Burgers & Fung-A-Loi;;141;162;266;351;456;512;542;458;558;598;540;494;507;475;437;502;475;150;0;0;0;0;0;0
Samandar & Fung-A-Loi;;;;;;;;;;;;;;;;;;;355;256;338;471;681;696;712
Kleinmoedig & Alexander;;;;;;;;;;;;395;304;277;247;247;281;301;268;200;226;108;0;0;0
Naaldijk;;;;;;;;;;;;210;278;219;252;219;281;195;277;221;218;242;305;328;283
Overigen;73;69;86;123;70;26;10;110;117;97;97;84;86;52;71;84;77;117;115;44;78;110;115;90;97
Victoria;;;;;;;;;;;;;;;;;;;92;96;112;145;147;96;82
Baaten;;;;;;;;;;;;;;;;;;;;;;;0;0;0
Alexander;;;;;;;;;;;;;;;;;;;;;;;0;0;0
Baaten & Alexander;;;;;;;;;;;;;;;;;;;;;;;189;127;333
Moerdijk;;;;;;;;;;;;;;;;;;;380;270;343;487;528;410;390
Notaris Gosselaar;;;;;;;;;;;;;;;;;;;;;;;24;364;435
Palm Notary;;;;;;;;;;;;;;;;;;;;;;;;0;465
;t/m aug 2001;t/m aug 2002;t/m aug 2003;t/m aug 2004;t/m aug 2005;t/m aug 2006;t/m aug 2007;t/m aug 2008;t/m aug 2009;t/m aug 2010;t/m aug 2011;t/m aug 2012;t/m aug 2013;t/m aug 2014;t/m aug 2015;t/m aug 2016;t/m aug 2017;t/m aug 2018;t/m aug 2019;t/m aug 2020;t/m aug 2021;t/m aug 2022;t/m aug 2023;t/m aug 2024;t/m aug 2025
Palm&Senior;552;423;526;508;459;389;436;407;271;0;0;0;0;0;0;0;0;0;0;0;0;0;0;0;0
Eshuis;108;166;242;285;307;290;337;384;346;383;412;408;360;443;485;439;447;555;0;0;0;0;0;0;0
Simon & Steenbaar;507;438;522;518;525;625;470;466;547;506;600;501;489;419;429;486;629;646;645;601;510;713;695;545;0
Pluijm - Vrede;290;224;305;286;260;284;288;236;219;314;314;270;268;204;190;186;178;297;0;0;0;0;0;0;0
Hu-A-Ng;283;232;238;248;247;290;198;286;251;306;307;319;187;259;168;215;254;210;209;212;277;288;156;0;0
Plank;307;393;463;452;402;422;489;480;254;0;0;0;0;0;0;0;0;0;0;0;0;0;0;0;0
Kleinm/Naaldijk;388;403;465;429;498;534;494;603;641;629;585;0;0;0;0;0;0;0;0;0;0;0;0;0;0
Chatlein A.R.;;;;;;70;162;169;199;227;240;219;201;187;196;142;151;170;159;160;181;250;256;197;205
Burgers & Fung-A-Loi;;170;192;304;416;545;570;647;528;656;669;614;566;567;545;529;585;541;150;0;0;0;0;0;0
Samandar & Fung-A-Loi;;;;;;;;;;;;;;;;;;;406;321;424;585;801;780;795
Kleinmoedig & Alexander;;;;;;;;;;;;480;335;321;267;293;322;342;309;230;258;136;0;0;0
Naaldijk;;;;;;;;;;;;252;312;281;284;267;303;248;345;236;268;331;347;390;313
Overigen;83;83;99;140;76;27;17;118;132;114;108;105;95;62;86;92;100;137;127;54;88;126;129;101;113
Victoria;;;;;;;;;;;;;;;;;;;105;103;121;154;172;100;98
Baaten;;;;;;;;;;;;;;;;;;;;;;;0;0;0
Alexander;;;;;;;;;;;;;;;;;;;;;;;0;0;0
Baaten & Alexander;;;;;;;;;;;;;;;;;;;;;;;216;153;366
Moerdijk;;;;;;;;;;;;;;;;;;;437;307;399;600;606;466;415
Notaris Gosselaar;;;;;;;;;;;;;;;;;;;;;;;65;422;497
Palm Notary;;;;;;;;;;;;;;;;;;;;;;;;30;529
;t/m sep 2001;t/m sep 2002;t/m sep 2003;t/m sep 2004;t/m sep 2005;t/m sep 2006;t/m sep 2007;t/m sep 2008;t/m sep 2009;t/m sep 2010;t/m sep 2011;t/m sep 2012;t/m sep 2013;t/m sep 2014;t/m sep 2015;t/m sep 2016;t/m sep 2017;t/m sep 2018;t/m sep 2019;t/m sep 2020;t/m sep 2021;t/m sep 2022;t/m sep 2023;t/m sep 2024;t/m sep 2025
Palm&Senior;615;513;585;574;518;436;496;463;271;0;0;0;0;0;0;0;0;0;0;0;0;0;0;0;0
Eshuis;125;185;280;330;330;312;377;422;393;445;486;466;410;504;544;491;522;627;0;0;0;0;0;0;0
Simon & Steenbaar;554;521;582;632;577;716;551;529;610;573;666;560;577;460;485;547;715;742;717;665;579;810;781;545;0
Pluijm - Vrede;319;254;337;337;275;336;342;259;265;340;347;315;296;242;209;225;198;297;0;0;0;0;0;0;0
Hu-A-Ng;302;290;289;281;270;314;225;331;293;337;375;363;217;290;214;247;265;224;245;244;342;327;156;0;0
Plank;347;466;533;518;480;464;533;547;254;0;0;0;0;0;0;0;0;0;0;0;0;0;0;0;0
Kleinm/Naaldijk;444;462;546;486;578;596;563;691;740;702;647;0;0;0;0;0;0;0;0;0;0;0;0;0;0
Chatlein A.R.;;;;;;101;178;195;219;267;264;241;233;210;216;157;172;187;187;178;203;281;289;224;233
Burgers & Fung-A-Loi;;194;212;352;469;590;659;773;601;764;741;679;636;637;621;597;663;618;150;0;0;0;0;0;0
Samandar & Fung-A-Loi;;;;;;;;;;;;;;;;;;;485;405;515;699;892;886;932
Kleinmoedig & Alexander;;;;;;;;;;;;546;383;371;300;337;354;371;361;275;279;157;0;0;0
Naaldijk;;;;;;;;;;;;309;340;329;301;288;337;277;369;256;309;363;375;444;361
Overigen;92;95;111;162;83;31;21;120;148;137;120;115;102;72;90;100;111;148;139;64;99;152;135;120;132
Victoria;;;;;;;;;;;;;;;;;;4;116;107;137;172;179;113;120
Baaten;;;;;;;;;;;;;;;;;;;;;;;0;0;0
Alexander;;;;;;;;;;;;;;;;;;;;;;;0;0;0
Baaten & Alexander;;;;;;;;;;;;;;;;;;;;;;;230;198;421
Moerdijk;;;;;;;;;;;;;;;;;;;501;331;457;652;713;508;453
Notaris Gosselaar;;;;;;;;;;;;;;;;;;;;;;;109;472;570
Palm Notary;;;;;;;;;;;;;;;;;;;;;;;;67;613
;t/m okt 2001;t/m okt 2002;t/m okt 2003;t/m okt 2004;t/m okt 2005;t/m okt 2006;t/m okt 2007;t/m okt 2008;t/m okt 2009;t/m okt 2010;t/m okt 2011;t/m okt 2012;t/m okt 2013;t/m okt 2014;t/m okt 2015;t/m okt 2016;t/m okt 2017;t/m okt 2018;t/m okt 2019;t/m okt 2020;t/m okt 2021;t/m okt 2022;t/m okt 2023;t/m okt 2024;t/m okt 2025
Palm&Senior;702;569;660;626;558;469;534;522;271;0;0;0;0;0;0;0;0;0;0;0;0;0;0;0;0
Eshuis;142;213;305;360;366;357;436;477;438;488;556;539;447;563;595;552;583;627;0;0;0;0;0;0;0
Simon & Steenbaar;624;572;645;694;617;777;675;582;695;646;712;621;654;525;560;630;814;836;782;728;631;871;861;545;0
Pluijm - Vrede;340;281;381;367;303;387;223;284;309;376;378;350;352;259;225;258;232;297;0;0;0;0;0;0;0
Hu-A-Ng;350;320;334;305;296;331;244;369;337;387;409;401;253;331;239;272;289;257;285;270;398;365;156;0;0
Plank;407;496;609;580;516;511;615;635;254;0;0;0;0;0;0;0;0;0;0;0;0;0;0;0;0
Kleinm/Naaldijk;515;529;610;552;647;672;633;763;829;759;694;0;0;0;0;0;0;0;0;0;0;0;0;0;0
Chatlein A.R.;;;;;;126;190;212;260;316;290;257;243;235;227;168;187;210;208;205;233;314;312;245;259
Burgers & Fung-A-Loi;;210;259;390;512;632;762;899;696;834;840;795;754;720;675;656;767;722;150;0;0;0;0;0;0
Samandar & Fung-A-Loi;;;;;;;;;;;;;;;;;;;567;470;611;794;993;1020;1093
Kleinmoedig & Alexander;;;;;;;;;;;;609;431;405;339;358;385;413;398;304;295;187;0;0;0
Naaldijk;;;;;;;;;;;;350;374;412;328;319;381;321;411;297;339;408;443;480;404
Overigen;117;101;120;170;88;41;31;122;164;153;144;123;110;82;101;109;116;165;154;81;108;173;152;127;149
Victoria;;;;;;;;;;;;;;;;;;11;139;119;148;188;196;125;139
Baaten;;;;;;;;;;;;;;;;;;;;;;;0;0;0
Alexander;;;;;;;;;;;;;;;;;;;;;;;0;0;0
Baaten & Alexander;;;;;;;;;;;;;;;;;;;;;;;265;251;496
Moerdijk;;;;;;;;;;;;;;;;;;43;545;388;527;713;779;571;478
Notaris Gosselaar;;;;;;;;;;;;;;;;;;;;;;;168;526;643
Palm Notary;;;;;;;;;;;;;;;;;;;;;;;;106;674
;t/m nov 2001;t/m nov 2002;t/m nov 2003;t/m nov 2004;t/m nov 2005;t/m nov 2006;t/m nov 2007;t/m nov 2008;t/m nov 2009;t/m nov 2010;t/m nov 2011;t/m nov 2012;t/m nov 2013;t/m nov 2014;t/m nov 2015;t/m nov 2016;t/m nov 2017;t/m nov 2018;t/m nov 2019;t/m nov 2020;t/m nov 2021;t/m nov 2022;t/m nov 2023;t/m nov 2024;t/m nov 2025
Palm&Senior;769;641;711;708;585;544;638;553;271;0;0;0;0;0;0;0;0;0;0;0;0;0;0;0;0
Eshuis;167;254;328;394;413;400;481;526;482;557;606;595;494;614;660;616;646;627;0;0;0;0;0;0;0
Simon & Steenbaar;676;625;728;778;683;843;769;674;782;709;799;681;712;561;607;755;922;892;866;818;710;970;921;545;0
Pluijm - Vrede;373;326;401;398;324;425;397;309;354;403;410;384;374;282;244;277;261;392;0;0;0;0;0;0;0
Hu-A-Ng;379;368;369;343;314;377;281;415;384;412;456;444;280;341;263;303;323;257;315;296;462;420;156;0;0
Plank;478;589;670;655;571;569;697;700;254;0;0;0;0;0;0;0;0;0;0;0;0;0;0;0;0
Kleinm/Naaldijk;558;588;662;630;708;743;727;831;920;828;763;0;0;0;0;0;0;0;0;0;0;0;0;0;0
Chatlein A.R.;;;;;;135;210;236;280;325;331;280;259;275;244;190;205;218;248;239;267;354;331;275;287
Burgers & Fung-A-Loi;;248;283;455;569;728;852;1044;786;890;932;879;843;781;739;740;861;824;150;0;0;0;0;0;0
Samandar & Fung-A-Loi;;;;;;;;;;;;;;;;;;;649;535;724;916;1113;1130;1227
Kleinmoedig & Alexander;;;;;;;;;;;;667;460;425;370;406;422;808;436;339;312;218;0;0;0
Naaldijk;;;;;;;;;;;;393;413;438;379;347;421;350;445;329;377;424;484;514;448
Overigen;140;111;135;185;93;46;33;130;180;174;158;129;119;92;117;124;128;175;158;96;121;186;160;134;162
Victoria;;;;;;;;;;;;;;;;;;19;149;125;172;225;205;150;159
Baaten;;;;;;;;;;;;;;;;;;;;;;;0;0;0
Alexander;;;;;;;;;;;;;;;;;;;;;;;0;0;0
Baaten & Alexander;;;;;;;;;;;;;;;;;;;;;;;302;302;564
Moerdijk;;;;;;;;;;;;;;;;;;99;616;428;600;793;842;631;518
Notaris Gosselaar;;;;;;;;;;;;;;;;;;;;;;;210;599;703
Palm Notary;;;;;;;;;;;;;;;;;;;;;;;;154;765
;t/m dec 2001;t/m dec 2002;t/m dec 2003;t/m dec 2004;t/m dec 2005;t/m dec 2006;t/m dec 2007;t/m dec 2008;t/m dec 2009;t/m dec 2010;t/m dec 2011;t/m dec 2012;t/m dec 2013;t/m dec 2014;t/m dec 2015;t/m dec 2016;t/m dec 2017;t/m dec 2018;t/m dec 2019;t/m dec 2020;t/m dec 2021;t/m dec 2022;t/m dec 2023;t/m dec 2024;t/m dec 2025
Palm&Senior;828;692;756;762;666;610;704;613;271;0;0;0;0;0;0;0;0;0;0;0;0;0;0;0;0
Eshuis;182;279;371;415;451;438;519;563;525;607;667;628;555;664;721;669;713;627;0;0;0;0;0;0;0
Simon & Steenbaar;724;130;198;145;138;202;828;784;868;787;891;740;813;625;691;838;1016;965;963;869;807;1082;1022;545;0
Pluijm - Vrede;426;394;428;430;365;483;445;335;401;448;462;413;413;334;269;303;293;392;0;0;0;0;0;0;0
Hu-A-Ng;410;418;400;359;345;420;313;475;420;465;526;466;309;372;293;347;336;303;340;341;496;469;156;0;0
Plank;541;628;723;698;621;638;749;765;254;0;0;0;0;0;0;0;0;0;0;0;0;0;0;0;0
Kleinm/Naaldijk;593;650;710;679;780;804;789;884;1023;903;891;0;0;0;0;0;0;0;0;0;0;0;0;0;0
Chatlein A.R.;;;;;;165;220;265;306;378;374;314;293;302;274;207;217;234;269;258;304;389;362;297;343
Burgers & Fung-A-Loi;;273;311;502;653;800;943;1148;899;966;1017;941;907;865;826;825;948;899;150;0;0;0;0;0;0
Samandar & Fung-A-Loi;;;;;;;;;;;;;;;;;;;723;611;837;1064;1197;1235;1388
Kleinmoedig & Alexander;;;;;;;;;;;;721;509;466;416;444;441;841;479;368;322;259;0;0;0
Naaldijk;;;;;;;;;;;;433;503;495;420;380;520;392;506;367;447;465;526;560;523
Overigen;159;119;140;186;99;47;39;132;198;179;174;136;132;102;127;141;135;187;165;108;139;193;175;139;173
Victoria;;;;;;;;;;;;;;;;;;25;166;142;201;290;248;180;181
Baaten;;;;;;;;;;;;;;;;;;;;;;;0;0;0
Alexander;;;;;;;;;;;;;;;;;;;;;;;0;0;0
Baaten & Alexander;;;;;;;;;;;;;;;;;;;;;;;336;356;642
Moerdijk;;;;;;;;;;;;;;;;;;159;678;459;687;904;916;684;563
Notaris Gosselaar;;;;;;;;;;;;;;;;;;;;;;;260;690;792
Palm Notary;;;;;;;;;;;;;;;;;;;;;;;;258;864
