2025;;;;;;;;;;;;;;
;jan;feb;mrt;apr;mei;jun;jul;aug;sep;okt;nov;dec;Totaal;Gemiddeld
E. Galeano;47;64;111;123;93;50;104;51;87;69;88;58;945;78.8
J. Pieters;110;79;47;85;141;40;89;51;81;71;74;48;916;76.3
Binnengekomen;158;129;176;157;195;106;187;139;145;125;158;156;1504;125.3
Afgehandeld;157;143;158;234;90;208;193;102;168;140;162;106;1647;137.3
Gemiddeld per kartograaf;78.5;71.5;79;117;45;104;96.5;51;84;70;81;53;823.5;68.6
Aantal kartografen;2;2;2;2;2;2;2;2;2;2;2;2;24;2
;;;;;;;;;;;;;;
2024;;;;;;;;;;;;;;
;jan;feb;mrt;apr;mei;jun;jul;aug;sep;okt;nov;dec;Totaal;Gemiddeld
E. Galeano;77;58;130;43;87;105;120;27;91;70;46;101;955;79.6
J. Pieters;46;50;78;33;93;62;55;67;75;38;57;38;692;57.7
Binnengekomen;117;94;147;178;114;160;147;109;103;119;131;85;1504;125.3
Afgehandeld;123;108;208;180;167;76;175;94;166;108;103;139;1647;137.3
Gemiddeld per kartograaf;61.5;54;104;90;83.5;38;87.5;47;83;54;51.5;69.5;823.5;68.6
Aantal kartografen;2;2;2;2;2;2;2;2;2;2;2;2;24;2
;;;;;;;;;;;;;;
2023;;;;;;;;;;;;;;
;jan;feb;mrt;apr;mei;jun;jul;aug;sep;okt;nov;dec;Totaal;Gemiddeld
E. Galeano;26;54;99;105;103;37;73;69;192;103;91;58;1010;84.2
J. Pieters;35;21;75;173;51;106;42;50;149;108;62;8;880;73.3
Binnengekomen;129;88;111;174;210;124;121;72;193;387;153;85;1847;153.9
Afgehandeld;61;75;174;154;143;278;115;119;341;211;153;66;1890;157.5
Gemiddeld per kartograaf;30.5;37.5;87;77;71.5;139;57.5;59.5;170.5;105.5;76.5;33;945;78.8
Aantal kartografen;2;2;2;2;2;2;2;2;2;2;2;2;24;2
;;;;;;;;;;;;;;
2022;;;;;;;;;;;;;;
;jan;feb;mrt;apr;mei;jun;jul;aug;sep;okt;nov;dec;Totaal;Gemiddeld
Binnengekomen;46;23;104;56;72;40;91;80;68;88;67;111;846;70.5
Gemiddeld/kartograaf;30;17;141;91;47;27;64;60;33;70;71;104;755;62.9
Binnengekomen;58;127;89;224;61;122;113;131;93;159;134;148;1459;121.6
Afgehandeld;76;40;245;119;67;147;155;140;101;158;138;215;1601;133.4
Gemiddeld per kartograaf;38;20;122.5;59.5;33.5;73.5;77.5;70;50.5;79;69;107.5;800.5;66.7
Aantal kartografen;2;2;2;2;2;2;2;2;2;2;2;2;24;2
;;;;;;;;;;;;;;
2021;;;;;;;;;;;;;;
;jan;feb;mrt;apr;mei;jun;jul;aug;sep;okt;nov;dec;Totaal;Gemiddeld
E. Galeano;37;19;46;142;77;62;54;62;44;43;57;88;731;60.9
J. Pieters;35;10;9;12;0;0;74;69;61;83;79;8;440;36.7
Binnengekomen;74;79;17;69;65;83;142;116;124;145;106;113;1133;94.4
Afgehandeld;72;29;55;77;62;154;128;131;105;126;136;96;1171;97.6
Gemiddeld per kartograaf;36;14.5;27.5;38.5;31;77;64;65.5;52.5;63;68;48;585.5;48.8
Aantal kartografen;2;2;2;2;2;2;2;2;2;2;2;2;24;2
;;;;;;;;;;;;;;
2020;;;;;;;;;;;;;;
;jan;feb;mrt;apr;mei;jun;jul;aug;sep;okt;nov;dec;Totaal;Gemiddeld
E. Galeano;45;30;64;136;0;27;77;65;49;116;103;82;794;66.2
J. Pieters;36;33;64;75;0;23;83;53;66;30;117;32;612;51
Binnengekomen;65;89;109;0;79;27;242;125;115;114;152;222;1339;111.6
Afgehandeld;81;63;128;0;50;211;160;118;115;146;220;114;1406;117.2
Gemiddeld per kartograaf;40.5;31.5;64;0;25;105.5;80;59;57.5;73;110;57;703;58.6
Aantal kartografen;2;2;2;2;2;2;2;2;2;2;2;2;24;2
;;;;;;;;;;;;;;
2019;;;;;;;;;;;;;;
;jan;feb;mrt;apr;mei;jun;jul;aug;sep;okt;nov;dec;Totaal;Gemiddeld
E. Galeano;0;0;0;0;0;0;0;0;0;0;0;0;0;0
J. Pieters;37;53;47;36;76;43;57;55;49;63;62;63;641;53.4
Afgehandeld;44;79;116;84;108;78;98;132;65;87;96;77;1064;88.7
Gemiddeld per kartograaf;89;99;89;124;81;92;129;73;83;109;81;87;1136;94.7
Aantal kartografen;44.5;49.5;44.5;62;40.5;46;64.5;36.5;41.5;54.5;40.5;43.5;568;47.3
;;;;;;;;;;;;;;
2018;;;;;;;;;;;;;;
;jan;feb;mrt;apr;mei;jun;jul;aug;sep;okt;nov;dec;Totaal;Gemiddeld
R. Cadeau;0;0;0;0;0;0;0;0;0;0;0;0;0;0
N. Sambo;38;46;52;59;80;78;68;56;51;61;91;46;726;60.5
J. Pieters;44;22;72;73;30;60;25;81;56;46;30;13;552;46
Binnengekomen;80;86;81;121;125;120;114;105;116;106;126;116;1296;108
Afgehandeld;82;68;124;110;138;132;93;137;107;107;121;59;1278;106.5
Gemiddeld per kartograaf;41;34;62;55;69;66;46.5;68.5;53.5;53.5;60.5;29.5;639;53.3
Aantal kartografen;2;2;2;2;2;2;2;2;2;2;2;2;24;2
;;;;;;;;;;;;;;
2017;;;;;;;;;;;;;;
;jan;feb;mrt;apr;mei;jun;jul;aug;sep;okt;nov;dec;Totaal;Gemiddeld
R. Cadeau;0;0;0;0;0;0;0;0;0;0;0;0;0;0
N. Sambo;15;41;71;98;68;28;47;86;51;0;0;0;505;42.1
J. Pieters;9;34;42;31;22;42;65;31;41;0;0;0;317;26.4
Binnengekomen;51;56;85;106;68;79;114;117;100;0;0;0;776;64.7
Afgehandeld;24;75;113;90;70;129;112;117;92;0;0;0;822;68.5
Gemiddeld per kartograaf;12;37.5;56.5;45;35;64.5;56;58.5;46;0;0;0;411;34.3
Aantal kartografen;2;2;2;2;2;2;2;2;2;2;2;2;24;2
;;;;;;;;;;;;;;
2016;;;;;;;;;;;;;;
;jan;feb;mrt;apr;mei;jun;jul;aug;sep;okt;nov;dec;Totaal;Gemiddeld
R. Cadeau;0;0;0;0;0;0;0;0;0;0;0;0;0;0
N. Sambo;15;39;58;0;0;0;0;0;0;0;0;0;112;112
J. Pieters;30;31;39;0;0;0;0;0;0;0;0;0;100;100
Binnengekomen;51;60;79;0;0;0;0;0;0;0;0;0;190;15.8
Afgehandeld;45;70;97;0;0;0;0;0;0;0;0;0;212;17.7
Gemiddeld per kartograaf;22.5;35;48.5;0;0;0;0;0;0;0;0;0;106;8.8
Aantal kartografen;2;2;2;2;2;2;2;2;2;2;2;2;24;2
