;t/m jan 2008;t/m jan 2009;t/m jan 2010;t/m jan 2011;t/m jan 2012;t/m jan 2013;t/m jan 2014;t/m jan 2015;t/m jan 2016;t/m jan 2017;t/m jan 2018;t/m jan 2019;t/m jan 2020;t/m jan 2021;t/m jan 2022;t/m jan 2023;t/m jan 2024;t/m jan 2025;;;;;;;
Inzagen;602;460;502;405;365;523;512;348;500;624;963;1006;1090;1282;1637;1177;1675;1798;;;;;;;
Her inzage;55;35;48;33;27;54;51;79;31;57;60;64;70;89;134;130;124;176;;;;;;;
Na inzage;288;233;121;97;102;157;149;191;136;125;159;146;168;211;174;209;225;232;;;;;;;
Kadastrale legger;40;47;19;29;18;27;31;24;18;44;34;40;45;47;83;58;39;82;;;;;;;
Verklaring;45;145;75;46;31;34;43;35;48;61;86;59;58;72;37;32;39;35;;;;;;;
Getuigschrift;0;5;2;0;0;2;3;4;3;3;1;3;9;2;1;8;5;2;;;;;;;
;t/m feb 2008;t/m feb 2009;t/m feb 2010;t/m feb 2011;t/m feb 2012;t/m feb 2013;t/m feb 2014;t/m feb 2015;t/m feb 2016;t/m feb 2017;t/m feb 2018;t/m feb 2019;t/m feb 2020;t/m feb 2021;t/m feb 2022;t/m feb 2023;t/m feb 2024;t/m feb 2025;;;;;;;
Inzagen;1060;914;982;899;715;982;947;969;1303;1426;2160;2023;2153;2315;3117;2326;3079;3445;;;;;;;
Her inzage;110;78;86;74;66;90;110;149;55;110;131;137;153;221;261;282;265;346;;;;;;;
Na inzage;535;487;269;175;215;275;304;342;279;257;331;352;365;445;377;408;396;481;;;;;;;
Kadastrale legger;64;82;61;53;48;60;48;42;51;84;104;77;196;120;135;139;138;206;;;;;;;
Verklaring;138;248;125;99;58;71;95;67;98;106;145;96;100;135;74;69;66;84;;;;;;;
Getuigschrift;2;7;2;0;1;7;10;13;3;5;5;10;14;7;1;9;6;2;;;;;;;
;t/m mrt 2008;t/m mrt 2009;t/m mrt 2010;t/m mrt 2011;t/m mrt 2012;t/m mrt 2013;t/m mrt 2014;t/m mrt 2015;t/m mrt 2016;t/m mrt 2017;t/m mrt 2018;t/m mrt 2019;t/m mrt 2020;t/m mrt 2021;t/m mrt 2022;t/m mrt 2023;t/m mrt 2024;t/m mrt 2025;;;;;;;
Inzagen;1449;1361;1681;1347;1138;1461;1436;1510;2026;2255;3193;3539;3064;3402;4996;3791;4757;4971;;;;;;;
Her inzage;166;148;157;147;108;141;167;221;106;168;199;204;215;299;406;461;432;496;;;;;;;
Na inzage;763;663;445;318;342;461;478;591;441;458;510;517;511;634;653;653;605;712;;;;;;;
Kadastrale legger;101;134;112;76;77;91;84;71;100;146;132;139;234;155;226;198;224;278;;;;;;;
Verklaring;138;310;187;150;86;120;142;114;155;183;284;185;143;196;141;109;109;150;;;;;;;
Getuigschrift;5;7;2;5;2;10;12;15;7;22;7;15;22;10;7;11;7;2;;;;;;;
;t/m april 2008;t/m april 2009;t/m april 2010;t/m april 2011;t/m april 2012;t/m april 2013;t/m april 2014;t/m april 2015;t/m april 2016;t/m april 2017;t/m april 2018;t/m april 2019;t/m april 2020;t/m april 2021;t/m april 2022;t/m april 2023;t/m april 2024;t/m april 2025;;;;;;;
Inzagen;1779;1791;2210;1784;1513;1852;1877;2111;3205;2887;4068;4585;3123;4043;6252;4960;6403;6726;;;;;;;
Her inzage;224;187;213;196;715;202;204;312;171;208;256;291;233;335;602;572;605;725;;;;;;;
Na inzage;1053;932;639;461;451;672;622;847;594;617;680;742;524;712;897;831;812;1007;;;;;;;
Kadastrale legger;142;167;129;108;99;111;101;112;137;172;165;174;234;189;270;251;283;359;;;;;;;
Verklaring;192;381;260;179;111;171;182;186;194;237;372;246;143;212;208;146;151;202;;;;;;;
Getuigschrift;5;13;2;5;2;11;14;19;8;30;7;19;22;11;8;15;9;2;;;;;;;
;t/m mei 2008;t/m mei 2009;t/m mei 2010;t/m mei 2011;t/m mei 2012;t/m mei 2013;t/m mei 2014;t/m mei 2015;t/m mei 2016;t/m mei 2017;t/m mei 2018;t/m mei 2019;t/m mei 2020;t/m mei 2021;t/m mei 2022;t/m mei 2023;t/m mei 2024;t/m mei 2025;;;;;;;
Inzagen;2097;2149;2210;2199;1946;2277;2381;3371;3851;4010;5273;5646;3636;5057;7647;6365;7977;8473;;;;;;;
Her inzage;268;242;213;257;192;263;268;397;207;288;335;368;293;426;846;761;789;867;;;;;;;
Na inzage;1329;1080;639;630;561;854;899;1067;763;834;896;926;651;893;1211;1086;1036;1230;;;;;;;
Kadastrale legger;174;225;129;137;126;145;130;136;169;225;228;236;249;232;347;313;380;434;;;;;;;
Verklaring;237;456;260;211;141;206;251;217;238;316;449;305;158;229;270;210;200;248;;;;;;;
Getuigschrift;8;15;2;7;4;13;21;21;10;31;16;28;22;15;16;16;10;6;;;;;;;
;t/m juni 2008;t/m juni 2009;t/m juni 2010;t/m juni 2011;t/m juni 2012;t/m juni 2013;t/m juni 2014;t/m juni 2015;t/m juni 2016;t/m juni 2017;t/m juni 2018;t/m juni 2019;t/m juni 2020;t/m juni 2021;t/m juni 2022;t/m juni 2023;t/m juni 2024;t/m juni 2025;;;;;;;
Inzagen;2097;2635;2210;2576;2491;2819;2792;3916;4935;5228;6479;6827;4246;7002;8989;7795;9783;10093;;;;;;;
Her inzage;268;296;213;306;239;317;344;467;260;355;395;447;354;546;1032;976;986;1113;;;;;;;
Na inzage;1329;1245;639;770;700;1049;1169;1343;910;1028;1100;1132;813;1136;1498;1361;1277;1509;;;;;;;
Kadastrale legger;174;266;129;166;146;179;158;177;222;265;264;306;277;259;406;396;465;510;;;;;;;
Verklaring;237;529;260;237;178;278;343;270;300;426;544;370;197;294;320;257;254;329;;;;;;;
Getuigschrift;8;19;2;12;5;14;21;26;10;38;18;34;22;16;18;16;10;7;;;;;;;
;t/m juli 2008;t/m juli 2009;t/m juli 2010;t/m juli 2011;t/m juli 2012;t/m juli 2013;t/m juli 2014;t/m juli 2015;t/m juli 2016;t/m juli 2017;t/m juli 2018;t/m juli 2019;t/m juli 2020;t/m juli 2021;t/m juli 2022;t/m juli 2023;t/m juli 2024;t/m juli 2025;;;;;;;
Inzagen;2097;2985;2210;2962;3052;3300;3240;4480;5702;6300;7590;7818;5062;8381;10194;9057;11506;11916;;;;;;;
Her inzage;268;373;213;343;288;356;405;537;305;411;452;511;399;710;1217;1148;1291;1268;;;;;;;
Na inzage;1329;1416;639;907;848;1240;1366;1550;1085;1225;1280;1330;939;1397;1761;1597;1589;1782;;;;;;;
Kadastrale legger;174;294;129;191;173;206;192;204;267;296;316;358;312;319;466;450;542;591;;;;;;;
Verklaring;237;584;260;287;209;315;399;324;350;525;643;415;253;372;359;296;291;403;;;;;;;
Getuigschrift;8;21;2;12;6;18;31;27;22;44;26;43;28;17;21;21;10;8;;;;;;;
;t/m aug 2008;t/m aug 2009;t/m aug 2010;t/m aug 2011;t/m aug 2012;t/m aug 2013;t/m aug 2014;t/m aug 2015;t/m aug 2016;t/m aug 2017;t/m aug 2018;t/m aug 2019;t/m aug 2020;t/m aug 2021;t/m aug 2022;t/m aug 2023;t/m aug 2024;t/m aug 2025;;;;;;;
Inzagen;2097;3429;2210;3404;3627;3731;3755;4975;6414;7523;8721;8723;5963;9975;11589;10375;13086;13816;;;;;;;
Her inzage;268;417;213;389;339;392;474;622;388;463;547;579;460;870;1467;1336;1471;1410;;;;;;;
Na inzage;1329;1585;639;1032;1046;1429;1585;1779;1306;1412;1506;1491;1080;1636;2085;1822;1893;1982;;;;;;;
Kadastrale legger;174;324;129;228;206;244;209;225;319;330;363;410;353;369;532;548;616;670;;;;;;;
Verklaring;237;633;260;322;243;358;436;374;412;622;746;480;331;440;416;342;327;446;;;;;;;
Getuigschrift;8;25;2;14;6;23;38;37;22;46;27;46;39;20;21;23;11;10;;;;;;;
;t/m sept 2008;t/m sept 2009;t/m sept 2010;t/m sept 2011;t/m sept 2012;t/m sept 2013;t/m sept 2014;t/m sept 2015;t/m sept 2016;t/m sept 2017;t/m sept 2018;t/m sept 2019;t/m sept 2020;t/m sept 2021;t/m sept 2022;t/m sept 2023;t/m sept 2024;t/m sept 2025;;;;;;;
Inzagen;2097;3956;2210;3796;4075;4227;4165;5848;7344;8467;9700;9746;6918;11719;12930;11613;14842;15631;;;;;;;
Her inzage;268;480;213;437;393;433;526;647;438;528;623;660;515;1020;1609;1522;1676;1759;;;;;;;
Na inzage;1329;1750;639;1145;1220;1595;1790;1892;1485;1586;1692;1671;1220;1875;2335;2036;2160;2357;;;;;;;
Kadastrale legger;174;349;129;271;232;283;244;255;378;365;402;462;392;423;590;615;681;763;;;;;;;
Verklaring;237;680;260;368;277;413;473;427;471;704;804;549;404;509;453;385;377;483;;;;;;;
Getuigschrift;8;26;2;18;8;31;47;44;26;52;30;100;48;28;21;27;18;10;;;;;;;
;t/m okt 2008;t/m okt 2009;t/m okt 2010;t/m okt 2011;t/m okt 2012;t/m okt 2013;t/m okt 2014;t/m okt 2015;t/m okt 2016;t/m okt 2017;t/m okt 2018;t/m okt 2019;t/m okt 2020;t/m okt 2021;t/m okt 2022;t/m okt 2023;t/m okt 2024;t/m okt 2025;;;;;;;
Inzagen;2097;4400;2210;4210;4629;4699;4586;6496;8024;9463;10659;10915;7870;13376;14112;12965;16536;17301;;;;;;;
Her inzage;268;536;213;477;442;491;596;712;512;606;695;734;587;1200;1769;1699;1906;2024;;;;;;;
Na inzage;1329;1872;639;1286;1376;1772;2041;2023;1665;1802;1899;1877;1388;2110;2574;2309;2465;2699;;;;;;;
Kadastrale legger;174;394;129;296;256;309;260;287;401;402;441;504;439;491;675;673;759;852;;;;;;;
Verklaring;237;724;260;390;313;482;526;471;554;755;885;633;460;584;507;428;414;512;;;;;;;
Getuigschrift;8;26;2;29;8;31;47;44;29;63;56;104;49;32;21;30;23;12;;;;;;;
;t/m nov 2008;t/m nov 2009;t/m nov 2010;t/m nov 2011;t/m nov 2012;t/m nov 2013;t/m nov 2014;t/m nov 2015;t/m nov 2016;t/m nov 2017;t/m nov 2018;t/m nov 2019;t/m nov 2020;t/m nov 2021;t/m nov 2022;t/m nov 2023;t/m nov 2024;t/m nov 2025;;;;;;;
Inzagen;2097;4925;2210;4656;5126;5162;5081;7304;8935;10468;11822;10915;8852;15335;15300;14484;18139;18960;;;;;;;
Her inzage;268;589;213;524;488;558;686;748;575;666;782;734;656;1506;2018;1898;2143;2259;;;;;;;
Na inzage;1329;1975;639;1421;1528;1950;2211;2181;1859;2008;2129;1877;1559;2503;2934;2551;2767;3024;;;;;;;
Kadastrale legger;174;423;129;319;279;334;277;301;423;438;465;504;479;541;741;732;817;900;;;;;;;
Verklaring;237;760;260;419;333;520;554;505;637;837;957;633;506;637;557;468;449;548;;;;;;;
Getuigschrift;8;26;2;29;14;32;50;50;34;64;63;104;57;52;21;30;25;13;;;;;;;
;t/m dec 2008;t/m dec 2009;t/m dec 2010;t/m dec 2011;t/m dec 2012;t/m dec 2013;t/m dec 2014;t/m dec 2015;t/m dec 2016;t/m dec 2017;t/m dec 2018;t/m dec 2019;t/m dec 2020;t/m dec 2021;t/m dec 2022;t/m dec 2023;t/m dec 2024;t/m dec 2025;;;;;;;
Inzagen;2097;5341;2210;4975;5482;5162;5761;7304;8935;11218;12835;10915;9879;17072;16249;15510;19573;20333;;;;;;;
Her inzage;268;653;213;574;523;558;751;748;575;729;836;734;754;1713;2199;2147;2384;2512;;;;;;;
Na inzage;1329;2165;639;1587;1678;1950;2461;2181;1859;2185;2329;1877;1763;2796;3227;2876;3087;3409;;;;;;;
Kadastrale legger;174;447;129;337;306;334;298;301;423;471;488;504;506;577;778;772;866;953;;;;;;;
Verklaring;237;781;260;437;344;520;585;505;637;892;1005;633;548;681;586;487;478;588;;;;;;;
Getuigschrift;8;32;2;29;16;32;53;50;34;66;63;104;63;53;22;31;29;13;;;;;;;