;t/m mrt 1995;t/m mrt 1996;t/m mrt 1995;t/m mrt 1996;t/m mrt 1997;t/m mrt 1998;t/m mrt 1999;t/m mrt 2000;t/m mrt 2001;t/m mrt 2002;t/m mrt 2003;t/m mrt 2004;t/m mrt 2005;t/m mrt 2006;t/m mrt 2007;t/m mrt 2008;t/m mrt 2009;t/m mrt 2010;t/m mrt 2011;t/m mrt 2012;t/m mrt 2013;t/m mrt 2014;t/m mrt 2015;t/m mrt 2016;t/m mrt 2017;t/m mrt 2018;t/m mrt 2019;t/m mrt 2020;t/m mrt 2021;t/m mrt 2022;t/m mrt 2023;t/m mrt 2024;t/m mrt 2025;;;;;
Binnengekomen;706;370;706;370;210;543;132;128;285;347;153;311;268;393;554;398;276;285;221;233;218;300;245;274;310;395;290;334;225;462;607;491;485;;;;;
Afgehandeld;553;436;553;436;213;384;170;245;237;285;242;177;168;333;315;337;328;461;193;264;251;278;242;208;247;288;279;277;165;440;373;419;462;;;;;
Exercitie Uitbesteding;326;203;326;203;61;236;25;58;47;20;0;13;1;5;5;7;2;0;2;0;0;0;0;0;0;0;0;0;0;0;0;0;0;;;;;
Gemiddeld per landmeter (tienvoud);204.8;145.3;204.8;145.3;92.6;160.0;70.8;136.1;148.1;158.3;161.3;160.9;168.0;237.9;175.0;187.2;182.2;256.1;120.6;176.0;167.3;154.4;134.4;115.6;137.2;160.0;155.0;153.9;91.7;244.4;196.3157895;199.5238095;231;;;;;
Aantal landmeters;27;30;27;30;23;24;24;18;16;18;15;11;10;14;18;18;18;18;16;15;15;18;18;18;18;18;18;18;18;18;19;21;20;;;;;
;;;;;;;;;;;;;;;;;;;;;;;;;;;;;;;;;;;;;;
;t/m apr 1995;t/m apr 1996;t/m apr 1995;t/m apr 1996;t/m apr 1997;t/m apr 1998;t/m apr 1999;t/m apr 2000;t/m apr 2001;t/m apr 2002;t/m apr 2003;t/m apr 2004;t/m apr 2005;t/m apr 2006;t/m apr 2007;t/m apr 2008;t/m apr 2009;t/m apr 2010;t/m apr 2011;t/m apr 2012;t/m apr 2013;t/m apr 2014;t/m apr 2015;t/m apr 2016;t/m apr 2017;t/m apr 2018;t/m apr 2019;t/m apr 2020;t/m apr 2021;t/m apr 2022;t/m apr 2023;t/m apr 2024;t/m apr 2025;;;;;
Binnengekomen;796;512;796;512;258;685;367;176;334;408;219;416;394;460;812;581;422;422;279;321;299;356;347;356;397;557;392;334;302;563;686;664;651;;;;;
Afgehandeld;824;555;824;555;281;571;376;300;326;355;313;232;309;427;494;501;415;542;270;330;335;369;327;309;315;413;387;277;230;501;583;533;657;;;;;
Exercitie Uitbesteding;520;261;520;261;77;296;181;61;72;38;0;14;4;5;5;8;3;1;5;0;0;0;0;0;0;0;0;0;0;0;0;0;0;;;;;
Gemiddeld per landmeter (tienvoud);228.9;135.4;228.9;135.4;93.7;178.4;117.5;125.0;163.0;154.3;156.5;145.0;220.7;224.7;205.8;208.8;172.9;225.8;128.6;165.0;167.5;153.8;136.3;128.8;131.3;172.1;161.3;115.4;95.8;208.8;224.2307692;190.3571429;252.6923077;;;;;
Aantal landmeters;36;41;36;41;30;32;32;24;20;23;20;16;14;19;24;24;24;24;21;20;20;24;24;24;24;24;24;24;24;24;26;28;26;;;;;
;;;;;;;;;;;;;;;;;;;;;;;;;;;;;;;;;;;;;;
;t/m mei 1995;t/m mei 1996;t/m mei 1995;t/m mei 1996;t/m mei 1997;t/m mei 1998;t/m mei 1999;t/m mei 2000;t/m mei 2001;t/m mei 2002;t/m mei 2003;t/m mei 2004;t/m mei 2005;t/m mei 2006;t/m mei 2007;t/m mei 2008;t/m mei 2009;t/m mei 2010;t/m mei 2011;t/m mei 2012;t/m mei 2013;t/m mei 2014;t/m mei 2015;t/m mei 2016;t/m mei 2017;t/m mei 2018;t/m mei 2019;t/m mei 2020;t/m mei 2021;t/m mei 2022;t/m mei 2023;t/m mei 2024;t/m mei 2025;;;;;
Binnengekomen;1040;604;1040;604;360;893;439;247;401;466;271;488;484;558;987;666;591;542;372;541;421;410;397;404;539;669;475;466;452;722;748;795;796;;;;;
Afgehandeld;953;707;953;707;391;631;516;403;399;425;399;360;409;497;861;713;534;665;347;433;410;448;411;376;394;533;465;304;313;623;707;693;763;;;;;
Exercitie Uitbesteding;585;358;585;358;103;312;270;105;76;51;1;15;8;5;6;10;3;1;5;0;0;0;0;0;0;0;0;0;0;0;0;0;0;;;;;
Gemiddeld per landmeter (tienvoud);211.8;136.0;211.8;136.0;100.3;157.8;129.0;134.3;166.3;146.6;159.6;171.4;227.2;207.1;287.0;237.7;178.0;221.7;133.5;173.2;164.0;149.3;137.0;125.3;131.3;177.7;155.0;101.3;104.3;207.7;214.2424242;198;238.4375;;;;;
Aantal landmeters;45;52;45;52;39;40;40;30;24;29;25;21;18;24;30;30;30;30;26;25;25;30;30;30;30;30;30;30;30;30;33;35;32;;;;;
;;;;;;;;;;;;;;;;;;;;;;;;;;;;;;;;;;;;;;
;t/m jun 1995;t/m jun 1996;t/m jun 1995;t/m jun 1996;t/m jun 1997;t/m jun 1998;t/m jun 1999;t/m jun 2000;t/m jun 2001;t/m jun 2002;t/m jun 2003;t/m jun 2004;t/m jun 2005;t/m jun 2006;t/m jun 2007;t/m jun 2008;t/m jun 2009;t/m jun 2010;t/m jun 2011;t/m jun 2012;t/m jun 2013;t/m jun 2014;t/m jun 2015;t/m jun 2016;t/m jun 2017;t/m jun 2018;t/m jun 2019;t/m jun 2020;t/m jun 2021;t/m jun 2022;t/m jun 2023;t/m jun 2024;t/m jun 2025;;;;;
Binnengekomen;1188;1010;1188;1010;450;951;522;304;493;568;373;568;546;654;1161;973;690;689;410;659;575;469;482;497;638;814;581;646;587;825;876;889;993;;;;;
Afgehandeld;1088;773;1088;773;555;712;639;493;486;484;502;444;520;597;1124;860;729;758;423;568;501;522;485;447;508;647;563;546;455;736;828;840;950;;;;;
Exercitie Uitbesteding;662;376;662;376;139;321;347;154;102;60;2;19;9;9;7;23;6;1;5;0;0;0;0;0;0;0;0;0;0;0;0;0;0;;;;;
Gemiddeld per landmeter (tienvoud);201.5;124.7;201.5;124.7;115.6;148.3;133.1;140.9;173.6;151.3;167.3;170.8;236.4;205.9;312.2;238.9;202.5;210.6;136.5;189.3;167.0;145.0;134.7;124.2;141.1;179.7;156.4;151.7;126.4;204.4;207;200;250;;;;;
Aantal landmeters;54;62;54;62;48;48;48;35;28;32;30;26;22;29;36;36;36;36;31;30;30;36;36;36;36;36;36;36;36;36;40;42;38;;;;;
;;;;;;;;;;;;;;;;;;;;;;;;;;;;;;;;;;;;;;
;t/m jul 1995;t/m jul 1996;t/m jul 1995;t/m jul 1996;t/m jul 1997;t/m jul 1998;t/m jul 1999;t/m jul 2000;t/m jul 2001;t/m jul 2002;t/m jul 2003;t/m jul 2004;t/m jul 2005;t/m jul 2006;t/m jul 2007;t/m jul 2008;t/m jul 2009;t/m jul 2010;t/m jul 2011;t/m jul 2012;t/m jul 2013;t/m jul 2014;t/m jul 2015;t/m jul 2016;t/m jul 2017;t/m jul 2018;t/m jul 2019;t/m jul 2020;t/m jul 2021;t/m jul 2022;t/m jul 2023;t/m jul 2024;t/m jul 2025;;;;;
Binnengekomen;1272;1106;1272;1106;515;1035;567;424;589;620;422;590;646;790;1294;1137;775;798;476;722;652;573;565;568;765;887;683;774;765;923;1054;1062;1088;;;;;
Afgehandeld;1242;856;1242;856;655;831;718;563;598;540;572;504;576;714;1343;968;825;913;483;685;652;579;563;506;625;752;695;671;571;867;900;949;1089;;;;;
Exercitie Uitbesteding;717;389;717;389;158;390;387;166;131;82;2;22;10;10;7;23;6;1;5;0;0;0;0;0;0;0;0;0;0;0;0;0;0;;;;;
Gemiddeld per landmeter (tienvoud);197.1;118.9;197.1;118.9;114.9;148.4;128.2;137.3;181.2;154.3;168.2;162.6;221.5;210.0;319.8;230.5;196.4;217.4;134.2;195.7;186.3;141.2;134.0;120.5;148.8;179.0;165.5;159.8;136.0;206.4;191.4893617;193.6734694;247.5;;;;;
Aantal landmeters;63;72;63;72;57;56;56;41;33;35;34;31;26;34;42;42;42;42;36;35;35;41;42;42;42;42;42;42;42;42;47;49;44;;;;;
;;;;;;;;;;;;;;;;;;;;;;;;;;;;;;;;;;;;;;
;t/m aug 1995;t/m aug 1996;t/m aug 1995;t/m aug 1996;t/m aug 1997;t/m aug 1998;t/m aug 1999;t/m aug 2000;t/m aug 2001;t/m aug 2002;t/m aug 2003;t/m aug 2004;t/m aug 2005;t/m aug 2006;t/m aug 2007;t/m aug 2008;t/m aug 2009;t/m aug 2010;t/m aug 2011;t/m aug 2012;t/m aug 2013;t/m aug 2014;t/m aug 2015;t/m aug 2016;t/m aug 2017;t/m aug 2018;t/m aug 2019;t/m aug 2020;t/m aug 2021;t/m aug 2022;t/m aug 2023;t/m aug 2024;t/m aug 2025;;;;;
Binnengekomen;1326;1205;1326;1205;589;1236;627;510;652;679;479;692;706;1006;1492;1388;1012;980;731;809;755;667;630;654;856;1027;777;896;904;1080;1184;1165;1316;;;;;
Afgehandeld;1369;970;1369;970;736;921;761;649;665;579;640;580;646;853;1550;1166;1052;1028;522;771;728;676;629;585;725;868;760;786;695;960;1093;1052;1234;;;;;
Exercitie Uitbesteding;721;402;721;402;169;402;390;190;139;85;6;25;10;10;19;25;6;1;5;0;0;0;0;0;0;0;0;0;0;0;0;0;0;;;;;
Gemiddeld per landmeter (tienvoud);190.1;118.3;190.1;118.3;111.5;143.9;120.8;141.1;179.7;152.4;164.1;161.1;215.3;213.3;322.9;242.9;219.2;214.2;127.3;192.8;177.6;147.0;131.0;121.9;151.0;180.8;158.3;163.8;144.8;200.0;202.4074074;187.8571429;246.8;;;;;
Aantal landmeters;72;82;72;82;66;64;63;46;37;38;39;36;30;40;48;48;48;48;41;40;41;46;48;48;48;48;48;48;48;48;54;56;50;;;;;
;;;;;;;;;;;;;;;;;;;;;;;;;;;;;;;;;;;;;;
;t/m sep 1995;t/m sep 1996;t/m sep 1995;t/m sep 1996;t/m sep 1997;t/m sep 1998;t/m sep 1999;t/m sep 2000;t/m sep 2001;t/m sep 2002;t/m sep 2003;t/m sep 2004;t/m sep 2005;t/m sep 2006;t/m sep 2007;t/m sep 2008;t/m sep 2009;t/m sep 2010;t/m sep 2011;t/m sep 2012;t/m sep 2013;t/m sep 2014;t/m sep 2015;t/m sep 2015;t/m sep 2017;t/m sep 2018;t/m sep 2019;t/m sep 2020;t/m sep 2021;t/m sep 2022;t/m sep 2023;t/m sep 2024;t/m sep 2025;;;;;
Binnengekomen;1477;1313;1477;1313;728;1345;809;585;719;809;543;802;789;1140;1727;1516;1132;1090;796;871;840;766;747;752;962;1149;883;1056;1030;1209;1650;1323;1524;;;;;
Afgehandeld;1445;1056;1445;1056;846;1252;852;729;726;634;697;656;752;944;1721;1418;1185;1098;637;882;823;776;709;663;827;974;847;900;840;1119;1480;1171;1359;;;;;
Exercitie Uitbesteding;721;429;721;429;229;485;410;208;152;94;9;27;12;12;22;28;6;9;5;0;0;0;0;0;0;0;0;0;0;0;0;0;0;;;;;
Gemiddeld per landmeter (tienvoud);178.4;114.8;178.4;114.8;114.3;173.9;121.7;142.9;177.1;151.0;166.0;160.0;221.2;209.8;318.7;262.6;219.4;203.3;138.5;196.0;175.1;152.2;131.3;122.8;153.1;180.4;156.9;166.7;155.6;207.2;242.6229508;185.8730159;242.6785714;;;;;
Aantal landmeters;81;92;81;92;74;72;70;51;41;42;42;41;34;45;54;54;54;54;46;45;47;51;54;54;54;54;54;54;54;54;61;63;56;;;;;
;;;;;;;;;;;;;;;;;;;;;;;;;;;;;;;;;;;;;;
;t/m okt 1995;t/m okt 1996;t/m okt 1995;t/m okt 1996;t/m okt 1997;t/m okt 1998;t/m okt 1999;t/m okt 2000;t/m okt 2001;t/m okt 2002;t/m okt 2003;t/m okt 2004;t/m okt 2005;t/m okt 2006;t/m okt 2007;t/m okt 2008;t/m okt 2009;t/m okt 2010;t/m okt 2011;t/m okt 2012;t/m okt 2013;t/m okt 2014;t/m okt 2015;t/m okt 2016;t/m okt 2017;t/m okt 2018;t/m okt 2019;t/m okt 2020;t/m okt 2021;t/m okt 2022;t/m okt 2023;t/m okt 2024;t/m okt 2025;;;;;
Binnengekomen;1652;1512;1652;1512;1022;1493;879;651;791;867;641;851;907;1226;1873;1754;1249;1146;888;931;930;823;796;807;962;1272;987;1180;1126;1332;1761;1526;1683;;;;;
Afgehandeld;1549;1250;1549;1250;981;1356;915;858;799;698;753;759;841;1059;1894;1666;1292;1222;703;975;920;837;816;733;827;1100;943;1052;946;1253;1633;1302;1517;;;;;
Exercitie Uitbesteding;754;515;754;515;295;508;429;256;158;96;10;34;12;14;24;28;6;12;9;0;0;0;0;0;0;0;0;0;0;0;0;0;0;;;;;
Gemiddeld per landmeter (tienvoud);170.2;122.5;170.2;122.5;119.6;169.5;120.4;153.2;177.6;148.5;163.7;165.0;221.3;211.8;315.7;277.7;215.3;203.7;137.8;195.0;176.9;149.5;138.3;124.2;140.2;183.3;157.2;175.3;157.7;208.8;240.1470588;186;244.6774194;;;;;
Aantal landmeters;91;102;91;102;82;80;76;56;45;47;46;46;38;50;60;60;60;60;51;50;52;56;59;59;59;60;60;60;60;60;68;70;62;;;;;
;;;;;;;;;;;;;;;;;;;;;;;;;;;;;;;;;;;;;;
;t/m nov 1995;t/m nov 1996;t/m nov 1995;t/m nov 1996;t/m nov 1997;t/m nov 1998;t/m nov 1999;t/m nov 2000;t/m nov 2001;t/m nov 2002;t/m nov 2003;t/m nov 2004;t/m nov 2005;t/m nov 2006;t/m nov 2007;t/m nov 2008;t/m nov 2009;t/m nov 2010;t/m nov 2011;t/m nov 2012;t/m nov 2013;t/m nov 2014;t/m nov 2015;t/m nov 2016;t/m nov 2017;t/m nov 2018;t/m nov 2019;t/m nov 2020;t/m nov 2021;t/m nov 2022;t/m nov 2023;t/m nov 2024;t/m nov 2025;;;;;
Binnengekomen;1722;1603;1722;1603;1119;1556;960;723;791;951;724;969;1037;1377;2002;1841;1390;1252;988;1001;1076;882;872;895;962;1320;1074;1377;1267;1512;1866;1688;1810;;;;;
Afgehandeld;1615;1365;1615;1365;1168;1468;975;936;799;789;829;856;933;1188;2032;1765;1481;1426;784;1041;1078;910;907;805;827;1216;1020;1274;1059;1401;1718;1387;1673;;;;;
Exercitie Uitbesteding;762;562;762;562;401;525;436;267;158;104;18;35;22;16;35;28;33;12;9;0;0;0;0;0;0;0;0;0;0;0;0;0;0;;;;;
Gemiddeld per landmeter (tienvoud);158.3;123.0;158.3;123.0;129.8;166.8;118.9;153.4;156.7;151.7;165.8;167.8;222.1;212.1;307.9;267.4;224.4;216.1;140.0;189.3;185.9;146.8;139.5;123.8;127.2;184.2;154.5;193.0;160.5;212.3;229.0666667;180.1298701;246.0294118;;;;;
Aantal landmeters;102;111;102;111;90;88;82;61;51;52;50;51;42;56;66;66;66;66;56;55;58;62;65;65;65;66;66;66;66;66;75;77;68;;;;;
;;;;;;;;;;;;;;;;;;;;;;;;;;;;;;;;;;;;;;
;t/m dec 1995;t/m dec 1996;t/m dec 1995;t/m dec 1996;t/m dec 1997;t/m dec 1998;t/m dec 1999;t/m dec 2000;t/m dec 2001;t/m dec 2002;t/m dec 2003;t/m dec 2004;t/m dec 2005;t/m dec 2006;t/m dec 2007;t/m dec 2008;t/m dec 2009;t/m dec 2010;t/m dec 2011;t/m dec 2012;t/m dec 2013;t/m dec 2014;t/m dec 2015;t/m dec 2016;t/m dec 2017;t/m dec 2018;t/m dec 2019;t/m dec 2020;t/m dec 2021;t/m dec 2022;t/m dec 2023;t/m dec 2024;t/m dec 2025;;;;;
Binnengekomen;1772;1647;1772;1647;1170;1600;1054;723;791;1004;724;1050;1091;1434;2055;1883;1631;1300;1100;1046;1129;947;917;928;962;1350;1179;1437;1335;1603;1920;1788;1888;;;;;
Afgehandeld;1655;1734;1655;1734;1264;1494;1069;936;799;876;829;919;1021;1311;2107;1876;1587;1481;818;1070;1128;961;953;856;827;1260;1085;1348;1117;1530;1835;1545;1774;;;;;
Exercitie Uitbesteding;762;598;762;598;461;533;488;267;158;104;18;36;23;23;38;30;34;17;9;0;0;0;0;0;0;0;0;0;0;0;0;0;0;;;;;
Gemiddeld per landmeter (tienvoud);147.8;144.5;147.8;144.5;129.0;155.6;121.5;139.7;140.2;153.7;150.7;167.1;222.0;211.5;292.6;260.6;220.4;205.7;136.3;178.3;176.3;141.3;134.2;120.6;116.5;175.0;150.7;187.2;155.1;212.5;223.7804878;183.9285714;239.7297297;;;;;
Aantal landmeters;112;120;112;120;98;96;88;67;57;57;55;55;46;62;72;72;72;72;60;60;64;68;71;71;71;72;72;72;72;72;82;84;74;;;;;
;;;;;;;;;;;;;;;;;;;;;;;;;;;;;;;;;;;;;;